Centre National des Chèques Postaux
Relevé de compte CCP
Compte numéro : 25971908 Clé 02. Devise : DZD 	Relevé du : 25/05/2024 Au 18/05/2025
Titulaire du compte : M.BENIDIR ZINEDDINE 	Effectué le 19/05/2025
Date Opéartion Code opération 	Num Compte 	Débit 	Crédit 	Taxe 	Avoir
30/06/2024 	223 DAB 	9999999906 	-24 000,00 	-- 	0,00
30/06/2024 	260 SPVIR 	8331874 	-- 	24 000,00 	0,00 	34,00
15/07/2024 	260 SPVIR 	22742664 	-- 	15 000,00 	0,00 	15 034,00
18/07/2024 	260 SPVIR 	12683788 	-- 	140 000,00 	0,00 	155 034,00
20/07/2024 	200 SPVIR 	26436420 	-6 000,00 	-- 	12,00
20/07/2024 	200 SPVIR 	8331874 	-24 000,00 	-- 	18,00
20/07/2024 	200 SPVIR 	28751381 	-50 000,00 	-- 	24,00
20/07/2024 	223 DAB 	310326 	-50 000,00 	-- 	30,00
20/07/2024 	026 CPVUE 	310566 	-200 000,00 	-- 	618,00
20/07/2024 	057 VURG 	310327 	-- 	192 000,00 	0,00 	16 332,00
29/07/2024 	223 DAB 	310327 	-2 000,00 	-- 	30,00 	14 302,00
30/07/2024 	223 DAB 	380693 	-1 000,00 	-- 	0,00 	13 302,00
03/08/2024 	026 CPVUE 	310566 	-10 000,00 	-- 	38,00 	3 264,00
31/08/2024 	223 DAB 	9999999906 	-3 000,00 	-- 	35,00 	229,00
07/09/2024 	223 DAB 	380693 	-100,00 	-- 	0,00 	129,00
15/09/2024 	260 SPVIR 	18505881 	-- 	6 000,00 	0,00 	6 129,00
18/09/2024 	200 SPVIR 	19278828 	-17 600,00 	-- 	15,00
18/09/2024 	057 VURG 	314271 	-- 	400 000,00 	0,00 	388 514,00
19/09/2024 	200 SPVIR 	6627652 	-2 196,00 	-- 	12,00
19/09/2024 	200 SPVIR 	29283286 	-11 000,00 	-- 	15,00
19/09/2024 	200 SPVIR 	6627652 	-15 500,00 	-- 	15,00
19/09/2024 	200 SPVIR 	6627652 	-22 082,00 	-- 	18,00
19/09/2024 	200 SPVIR 	17487001 	-35 000,00 	-- 	21,00
19/09/2024 	200 SPVIR 	25278450 	-116 000,00 	-- 	45,00 	186 610,00
21/09/2024 	200 SPVIR 	23221783 	-13 038,00 	-- 	15,00
21/09/2024 	223 DAB 	9999999906 	-6 000,00 	-- 	35,00 	167 522,00
22/09/2024 	223 DAB 	9999999906 	-4 000,00 	-- 	35,00 	163 487,00
23/09/2024 	200 SPVIR 	19816876 	-75 000,00 	-- 	33,00
23/09/2024 	223 DAB 	310326 	-50 000,00 	-- 	30,00 	38 424,00
24/09/2024 	200 SPVIR 	23221783 	-7 400,00 	-- 	12,00 	31 012,00
25/09/2024 	200 SPVIR 	19816876 	-31 000,00 	-- 	21,00
25/09/2024 	260 SPVIR 	28751381 	-- 	1 000,00 	0,00 	991,00
Compte : 25971908 	Page 1 / 5 	Du : 25/05/2024 Au 18/05/2025

-- 1 of 5 --

26/09/2024 	005 TAXE 	999999923 	-150,00 	-- 	0,00 	841,00
01/10/2024 	200 SPVIR 	19278828 	-500,00 	-- 	12,00
01/10/2024 	200 SPVIR 	19816876 	-28 000,00 	-- 	18,00
01/10/2024 	260 SPVIR 	14900206 	-- 	96 900,00 	0,00 	69 211,00
02/10/2024 	200 SPVIR 	28531699 	-10 000,00 	-- 	12,00 	59 199,00
03/10/2024 	200 SPVIR 	20075380 	-3 000,00 	-- 	12,00 	56 187,00
06/10/2024 	223 DAB 	380693 	-1 000,00 	-- 	0,00 	55 187,00
07/10/2024 	200 SPVIR 	4314308 	-50 000,00 	-- 	24,00
07/10/2024 	260 SPVIR 	18505881 	-- 	9 000,00 	0,00 	14 163,00
08/10/2024 	260 SPVIR 	28531699 	-- 	5 500,00 	0,00 	19 663,00
10/10/2024 	223 DAB 	9999999906 	-19 000,00 	-- 	35,00
10/10/2024 	260 SPVIR 	8331874 	-- 	14 000,00 	0,00 	14 628,00
12/10/2024 	223 DAB 	9999999906 	-14 000,00 	-- 	35,00 	593,00
14/10/2024 	222 VURG 	1 	-500,00 	-- 	0,00 	93,00
15/10/2024 	200 SPVIR 	8331874 	-14 000,00 	-- 	15,00
15/10/2024 	205 TAXE 	9999999923 	-10,00 	-- 	0,00
15/10/2024 	223 DAB 	310718 	-24 000,00 	-- 	30,00
15/10/2024 	260 SPVIR 	9438409 	-- 	38 000,00 	0,00 	38,00
21/10/2024 	200 SPVIR 	6627652 	-7 360,00 	-- 	12,00
21/10/2024 	260 SPVIR 	25998866 	-- 	12 700,00 	0,00 	5 366,00
23/10/2024 	223 DAB 	9999999906 	-5 000,00 	-- 	35,00 	331,00
30/10/2024 	260 SPVIR 	25621208 	-- 	12 000,00 	0,00 	12 331,00
02/11/2024 	260 SPVIR 	25998866 	-- 	25 400,00 	0,00 	37 731,00
03/11/2024 	057 VURG 	314763 	-- 	7 500,00 	0,00
03/11/2024 	057 VURG 	313432 	-- 	14 500,00 	0,00 	59 731,00
04/11/2024 	223 DAB 	9999999906 	-21 000,00 	-- 	35,00 	38 696,00
05/11/2024 	223 DAB 	9999999906 	-38 000,00 	-- 	35,00 	661,00
19/11/2024 	200 SPVIR 	6627652 	-5 400,00 	-- 	12,00
19/11/2024 	200 SPVIR 	25621208 	-12 000,00 	-- 	15,00
19/11/2024 	260 SPVIR 	25998866 	-- 	19 018,00 	0,00 	2 252,00
21/11/2024 	260 SPVIR 	9438409 	-- 	8 000,00 	0,00 	10 252,00
25/11/2024 	200 SPVIR 	6627652 	-3 500,00 	-- 	12,00 	6 740,00
26/11/2024 	223 DAB 	380693 	-100,00 	-- 	0,00
26/11/2024 	223 DAB 	380693 	-2 000,00 	-- 	0,00 	4 640,00
27/11/2024 	200 SPVIR 	22874617 	-3 000,00 	-- 	12,00 	1 628,00
11/12/2024 	260 SPVIR 	20075380 	-- 	4 000,00 	0,00 	5 628,00
14/12/2024 	223 DAB 	380693 	-1 000,00 	-- 	0,00 	4 628,00
15/12/2024 	200 SPVIR 	18079466 	-4 500,00 	-- 	12,00 	116,00
28/12/2024 	223 DAB 	310718 	-5 000,00 	-- 	30,00
28/12/2024 	260 SPVIR 	26436420 	-- 	5 000,00 	0,00 	86,00
Compte : 25971908 	Page 2 / 5 	Du : 25/05/2024 Au 18/05/2025

-- 2 of 5 --

02/01/2025 	200 SPVIR 	8732707 	-4 500,00 	-- 	12,00
02/01/2025 	260 SPVIR 	25621208 	-- 	15 000,00 	0,00 	10 574,00
04/01/2025 	026 CPVUE 	310566 	-10 500,00 	-- 	40,00 	34,00
05/01/2025 	005 TAXE 	311107 	-10,00 	-- 	0,00
05/01/2025 	260 SPVIR 	18505881 	-- 	4 500,00 	0,00 	4 524,00
06/01/2025 	005 TAXE 	999999923 	-150,00 	-- 	0,00 	4 374,00
13/01/2025 	200 SPVIR 	29283286 	-4 500,00 	-- 	12,00 	-138,00
14/01/2025 	074 	310754 	-- 	15 000,00 	0,00 	14 862,00
15/01/2025 	200 SPVIR 	24534184 	-3 000,00 	-- 	12,00 	11 850,00
16/01/2025 	200 SPVIR 	18079466 	-6 000,00 	-- 	12,00
16/01/2025 	223 DAB 	9999999906 	-2 000,00 	-- 	35,00
16/01/2025 	223 DAB 	9999999906 	-2 000,00 	-- 	35,00
16/01/2025 	263 PAIE 	324471 	-- 	13 500,00 	0,00 	15 268,00
18/01/2025 	223 DAB 	9999999906 	-700,00 	-- 	0,00
18/01/2025 	057 VURG 	313072 	-- 	80 000,00 	0,00 	94 568,00
19/01/2025 	223 DAB 	9999999906 	-50 000,00 	-- 	35,00 	44 533,00
20/01/2025 	205 TAXE 	9999999923 	-10,00 	-- 	0,00
20/01/2025 	223 DAB 	9999999906 	-40 000,00 	-- 	35,00
20/01/2025 	057 VURG 	310326 	-- 	3 000,00 	0,00 	7 488,00
23/01/2025 	200 SPVIR 	29170817 	-4 000,00 	-- 	12,00 	3 476,00
26/01/2025 	223 DAB 	380693 	-1 000,00 	-- 	0,00 	2 476,00
28/01/2025 	260 SPVIR 	20075380 	-- 	10 000,00 	0,00 	12 476,00
29/01/2025 	223 DAB 	9999999906 	-12 000,00 	-- 	35,00 	441,00
04/02/2025 	205 TAXE 	1515 	-10,00 	-- 	0,00 	431,00
06/02/2025 	057 VURG 	310503 	-- 	9 500,00 	0,00 	9 931,00
10/02/2025 	223 DAB 	9999999906 	-9 000,00 	-- 	35,00 	896,00
13/02/2025 	260 SPVIR 	25621208 	-- 	500,00 	0,00
13/02/2025 	260 SPVIR 	25658269 	-- 	8 000,00 	0,00 	9 396,00
15/02/2025 	223 DAB 	380693 	-100,00 	-- 	0,00
15/02/2025 	223 DAB 	9999999906 	-9 000,00 	-- 	35,00
15/02/2025 	260 SPVIR 	26436420 	-- 	3 000,00 	0,00
15/02/2025 	260 SPVIR 	7459503 	-- 	6 000,00 	0,00 	9 261,00
16/02/2025 	223 DAB 	9999999906 	-3 000,00 	-- 	35,00
16/02/2025 	223 DAB 	311933 	-6 000,00 	-- 	30,00
16/02/2025 	263 PAIE 	306649 	-- 	10 038,00 	0,00 	10 234,00
17/02/2025 	066 VO 	9999999912 	-- 	100,00 	0,00 	10 334,00
18/02/2025 	200 SPVIR 	20604766 	-10 000,00 	-- 	12,00
18/02/2025 	200 SPVIR 	20604766 	-25 000,00 	-- 	18,00
18/02/2025 	205 TAXE 	1515 	-10,00 	-- 	0,00
18/02/2025 	005 TAXE 	310566 	-10,00 	-- 	0,00
Compte : 25971908 	Page 3 / 5 	Du : 25/05/2024 Au 18/05/2025

-- 3 of 5 --

18/02/2025 	260 SPVIR 	167125 	-- 	25 000,00 	0,00 	284,00
23/02/2025 	057 VURG 	311004 	-- 	6 000,00 	0,00
23/02/2025 	260 SPVIR 	22749135 	-- 	10 000,00 	0,00 	16 284,00
24/02/2025 	200 SPVIR 	7459503 	-6 000,00 	-- 	12,00
24/02/2025 	205 TAXE 	1515 	-10,00 	-- 	0,00
24/02/2025 	223 DAB 	9999999906 	-10 000,00 	-- 	35,00 	227,00
27/02/2025 	057 VURG 	312001 	-- 	21 000,00 	0,00 	21 227,00
01/03/2025 	200 SPVIR 	26436420 	-21 200,00 	-- 	18,00
01/03/2025 	205 TAXE 	1515 	-10,00 	-- 	0,00 	-1,00
04/03/2025 	260 SPVIR 	167125 	-- 	3 000,00 	0,00 	2 999,00
05/03/2025 	200 SPVIR 	40726812 	-29 040,00 	-- 	18,00
05/03/2025 	205 TAXE 	1515 	-10,00 	-- 	0,00
05/03/2025 	223 DAB 	310326 	-2 000,00 	-- 	30,00
05/03/2025 	260 SPVIR 	8702889 	-- 	30 000,00 	0,00 	1 901,00
06/03/2025 	205 TAXE 	1515 	-10,00 	-- 	0,00
06/03/2025 	223 DAB 	380693 	-1 000,00 	-- 	0,00 	891,00
13/03/2025 	260 SPVIR 	20075380 	-- 	500,00 	0,00 	1 391,00
15/03/2025 	200 SPVIR 	29283286 	-10 000,00 	-- 	12,00
15/03/2025 	205 TAXE 	9999999923 	-10,00 	-- 	0,00
15/03/2025 	005 TAXE 	999999923 	-150,00 	-- 	0,00
15/03/2025 	223 DAB 	380693 	-1 000,00 	-- 	0,00
15/03/2025 	260 SPVIR 	25998866 	-- 	9 984,00 	0,00 	203,00
23/03/2025 	057 VURG 	311004 	-- 	1 500,00 	0,00 	1 703,00
24/03/2025 	223 DAB 	380693 	-1 000,00 	-- 	0,00 	703,00
27/03/2025 	200 SPVIR 	6627652 	-700,00 	-- 	12,00 	-9,00
17/04/2025 	200 SPVIR 	20075380 	-10 000,00 	-- 	12,00
17/04/2025 	260 SPVIR 	25998866 	-- 	31 218,00 	0,00 	21 197,00
19/04/2025 	200 SPVIR 	17328363 	-21 000,00 	-- 	18,00
19/04/2025 	205 TAXE 	9999999923 	-10,00 	-- 	0,00
19/04/2025 	005 TAXE 	999999923 	-150,00 	-- 	0,00 	19,00
23/04/2025 	260 SPVIR 	28751381 	-- 	1 900,00 	0,00 	1 919,00
24/04/2025 	200 SPVIR 	26436420 	-900,00 	-- 	12,00
24/04/2025 	223 DAB 	9999999906 	-1 000,00 	-- 	35,00 	-28,00
26/04/2025 	205 TAXE 	999999906 	-300,00 	-- 	0,00 	-328,00
30/04/2025 	260 SPVIR 	24967287 	-- 	30 000,00 	0,00 	29 672,00
03/05/2025 	200 SPVIR 	17328363 	-17 500,00 	-- 	15,00
03/05/2025 	260 SPVIR 	25698839 	-- 	54 000,00 	0,00
03/05/2025 	260 SPVIR 	22873609 	-- 	150 000,00 	0,00 	216 157,00
04/05/2025 	260 SPVIR 	41634529 	-- 	11 000,00 	0,00
04/05/2025 	260 SPVIR 	26042713 	-- 	21 000,00 	0,00 	248 157,00
Compte : 25971908 	Page 4 / 5 	Du : 25/05/2024 Au 18/05/2025

-- 4 of 5 --

05/05/2025 	200 SPVIR 	12616048 	-130 000,00 	-- 	48,00
05/05/2025 	005 TAXE 	310718 	-300,00 	-- 	0,00
05/05/2025 	027 CPVUE 	310718 	-118 000,00 	-- 	372,00 	-563,00
06/05/2025 	205 TAXE 	1515 	-165,00 	-- 	0,00 	-728,00
08/05/2025 	057 VURG 	313013 	-- 	80 000,00 	0,00 	79 272,00
10/05/2025 	200 SPVIR 	22742664 	-4 500,00 	-- 	12,00
10/05/2025 	200 SPVIR 	7459503 	-5 000,00 	-- 	12,00
10/05/2025 	200 SPVIR 	20604766 	-5 000,00 	-- 	12,00
10/05/2025 	200 SPVIR 	22322966 	-5 000,00 	-- 	12,00
10/05/2025 	200 SPVIR 	29331775 	-22 860,00 	-- 	18,00
10/05/2025 	200 SPVIR 	8702889 	-30 000,00 	-- 	18,00 	6 828,00
14/05/2025 	223 DAB 	380693 	-500,00 	-- 	0,00
14/05/2025 	223 DAB 	9999999906 	-2 000,00 	-- 	35,00
14/05/2025 	066 VO 	9999999912 	-- 	50 000,00 	0,00 	54 293,00
15/05/2025 	205 TAXE 	1515 	-10,00 	-- 	0,00
15/05/2025 	260 SPVIR 	22749135 	-- 	15 900,00 	0,00 	70 183,00
17/05/2025 	205 TAXE 	1515 	-10,00 	-- 	0,00
17/05/2025 	223 DAB 	310566 	-4 000,00 	-- 	30,00 	66 143,00
Compte : 25971908 	Page 5 / 5 	Du : 25/05/2024 Au 18/05/2025

-- 5 of 5 --

